===Closure_62
1
===Closure_73
1
===Math_68
157
300
157
157
157
72
===Time_2
51
2
===Math_94
10
===Lang_4
10
12
1
===Math_105
13
===Math_69
10
===Closure_120
225
===Lang_63
6
76
68
91
67
39
8
85
34
27
7
9
3
1
2
33
6
===Math_80
3
===Lang_17
18
58
57
13
===Closure_113
3
===Closure_71
1
===Time_11
560
560
===Math_73
5
===Math_64
170
288
206
236
249
309
344
202
206
322
175
59
===Math_46
1
===Lang_56
===Math_38
28
27
3
===Closure_14
1
===Lang_53
16
16
39
===Math_99
14
1
===Lang_9
47
===Closure_13
3272
3272
===Time_22
78
76
===Mockito_1
19
===Lang_16
33
===Math_22
2
2
===Mockito_24
1
===Closure_133
64
===Math_6
1675
1693
2086
2074
1368
1448
1087
1003
2347
2211
2574
1182
2673
2532
95
===Closure_72
210
===Lang_58
3
===Math_67
3
===Math_87
81
122
122
===Mockito_8
26
===Lang_2
16
===Math_93
2
3
5
4
===Closure_68
52
35
7
